2124739689
2124739694
2124739698
2124740221
2124740487
2124740488
2124740490
2124740491
2124741515
2124741516
2124741517
2124741518
2124741840
2124741870
2124741872
2124741873
2124741874
2124741933
2124741935
2124741936
2124741979
2124742088
2124742089
2124742090
2124742092
2124742094
2124742095
2124742096
2124742097
2124742098
2124742100
2124742101
2124742102
2124742103
2124742104
2124742105
2124742106
2124742138
2124742139
2124742140
2124742141
2124742160
2124742945
2124743215
2124743608
2124743637
2124743645
2124743646
2124744663
2124744664
2124744665
2124744667
2124744668
2124744669
2124744670
2124744671
2124744672
2124744673
2124744675
2124744677
2124744678
2124744679
2124744680
2124744682
2124744683
2124744684
2124744685
2124744688
2124744689
2124744690
2124744691
2124744692
2124744694
2124744720
2124744722
2124744723
2124744724
2124744725
2124744726
2124744727
2124744728
2124744729
2124744740
2124744741
2124744742
2124744743
2124744744
2124744745
2124744746
2124744747
2124744748
2124744749
2124744752
2124744753
2124744754
2124744755
2124744756
2124744757
2124744758
2124744759
2124744760
2124744761
